100
2 -25
-31 -17
15 15
-1 -2
39 -41
-23 46
-41 -28
3 -50
8 42
-38 49
8 22
2 1
21 -49
-29 -33
-14 -8
-31 -38
-4 -10
7 -12
36 -39
-30 -44
5 -23
-48 49
49 14
-42 5
-44 8
-20 -30
22 14
-33 -15
2 -7
-13 -12
1 -10
30 6
-4 47
10 -13
46 34
-38 30
-19 1
-35 16
-29 -20
-10 25
45 29
-7 21
8 17
12 -38
0 12
5 49
-43 3
-48 -15
-25 3
-12 12
44 23
26 -48
18 -25
-42 41
-32 -9
-30 -2
21 -37
-17 -35
-23 -21
-6 -3
49 -21
33 49
36 -44
-38 -13
-50 13
-14 -48
-46 44
22 -38
5 22
15 30
-22 23
-11 35
-50 -50
31 -26
21 29
-42 -25
26 20
-21 -7
31 13
-24 43
45 -17
29 -35
29 49
-27 1
33 -15
10 38
-25 14
14 1
25 27
6 47
25 49
-29 -34
10 1
-36 0
-7 43
-24 43
-42 40
-9 7
-41 37
24 -34
100
get 6 -6
get -42 37
get 40 31
get 8 -26
get -28 -32
get -33 16
get 33 -1
get -50 -12
get -9 45
get 38 -35
get 10 -14
get -23 16
get -27 18
get -43 18
get -13 34
get -21 32
get -29 43
get 25 39
get -36 -39
get -21 35
get 2 38
get -13 48
get -13 -15
get -20 -13
get -46 -20
get -32 20
get -14 14
get 34 -5
get 16 -39
get 46 42
get -24 -47
get 46 27
get -32 49
get -40 -27
get -41 -18
get -30 42
get 40 11
get -2 -41
get -3 29
get -41 28
get -2 -47
get -30 -22
get -25 -14
get 49 -46
get -2 -7
get 48 -3
get -26 -24
get -25 -3
get 20 45
get -23 38
get 30 -19
get 42 -50
get -41 20
get -48 42
get 20 -42
get 14 -39
get 41 20
get 8 34
get -10 19
get 14 8
get -45 39
get 17 13
get -40 32
get 27 43
get -17 -18
get 14 6
get -42 -37
get -15 -42
get -49 20
get 28 -13
get -49 -27
get -4 44
get 28 -6
get 15 6
get -36 -31
get 10 -20
get -5 22
get 4 29
get -26 -43
get 41 33
get 41 7
get -28 5
get -34 -50
get 20 -40
get 49 19
get -6 -50
get 45 -50
get 47 40
get -3 23
get -6 -36
get 46 -37
get 35 6
get -14 -9
get -50 41
get -24 10
get 20 42
get 49 -32
get -32 42
get -48 -35
get -14 38
