3e+08


4.5e+08


5.25e+08


5.625e+08


5.8125e+08


5.90625e+08


5.95312e+08


5.97656e+08


5.98828e+08


5.99414e+08


5.99707e+08


5.99854e+08


5.99927e+08


5.99963e+08


5.99982e+08


5.99991e+08


5.99995e+08


5.99998e+08


5.99999e+08


5.99999e+08


6e+08


6e+08


6e+08


6e+08


6e+08


6e+08


6e+08


6e+08


6e+08


6e+08


6e+08


6e+08


6e+08


6e+08


6e+08


6e+08


6e+08


6e+08


6e+08


6e+08


6e+08


6e+08


6e+08


6e+08


6e+08


6e+08


6e+08


6e+08


6e+08


6e+08


6e+08


6e+08


6e+08


6e+08


6e+08


6e+08


6e+08


6e+08


6e+08


6e+08


6e+08


6e+08


6e+08


6e+08


6e+08


6e+08


6e+08


6e+08


6e+08


6e+08


6e+08


6e+08


6e+08


6e+08


6e+08


6e+08


6e+08


6e+08


6e+08


6e+08


6e+08


6e+08


6e+08


6e+08


6e+08


6e+08


6e+08


6e+08


6e+08


6e+08


6e+08


6e+08


6e+08


6e+08


6e+08


6e+08


6e+08


6e+08


6e+08


6e+08


6e+08


6e+08


6e+08


6e+08


6e+08


6e+08


6e+08


6e+08


6e+08


6e+08


6e+08


6e+08


6e+08


6e+08


6e+08


6e+08


6e+08


6e+08


6e+08


6e+08


6e+08


6e+08


6e+08


6e+08


6e+08


6e+08


6e+08


6e+08


6e+08


6e+08


6e+08


6e+08


6e+08


6e+08


6e+08


6e+08


6e+08


6e+08


6e+08


6e+08


6e+08


6e+08


6e+08


6e+08


6e+08


6e+08


6e+08


6e+08


6e+08


6e+08


6e+08


6e+08


6e+08


6e+08


6e+08


6e+08


6e+08


6e+08


6e+08


6e+08


6e+08


6e+08


6e+08


6e+08


6e+08


6e+08


6e+08


6e+08


6e+08


6e+08


6e+08


6e+08


6e+08


6e+08


6e+08


6e+08


6e+08


6e+08


6e+08


6e+08


6e+08


6e+08


6e+08


6e+08


6e+08


6e+08


6e+08


6e+08


6e+08


6e+08


6e+08


6e+08


6e+08


6e+08


6e+08


6e+08


6e+08


6e+08


6e+08


6e+08


2e+08
