500
22 281 2
14 149
8 153
12 139
251 235 2
54 103
161 109
7 161
184 238 2
179 45
137 177
183 9
53 220 2
34 30
38 1
3 7
228 74 2
165 60
155 6
100 47
41 3 2
24 1
36 1
21 1
168 75 2
47 3
20 35
4 10
3 3 2
2 1
2 2
3 3
3 3 2
1 2
3 1
3 2
3 3 2
3 2
1 2
2 1
4 4 2
1 4
4 4
2 2
170 240 2
155 128
89 28
34 87
300 5 2
2 3
15 2
300 5
4 3 2
1 2
3 2
1 1
300 187 2
288 42
78 11
107 58
120 271 2
80 93
106 40
35 257
3 3 2
3 3
2 2
1 2
214 294 2
33 287
93 20
172 79
4 4 2
3 2
2 1
2 2
147 3 2
15 2
38 3
120 1
269 137 2
56 102
67 65
73 79
101 3 2
33 3
15 3
23 1
197 240 2
33 66
45 42
22 50
4 3 2
2 3
2 2
2 1
294 106 2
251 56
19 44
248 28
76 22 2
26 13
19 12
74 17
32 3 2
3 3
8 2
9 1
3 3 2
1 3
3 2
1 1
3 3 2
1 2
2 3
2 2
3 82 2
1 80
2 68
2 54
25 65 2
5 10
6 16
7 9
148 210 2
16 80
70 65
148 159
4 3 2
3 3
4 1
4 3
222 107 2
187 74
94 24
176 107
4 3 2
4 2
3 3
2 3
4 3 2
4 2
1 1
3 1
116 92 2
112 18
6 54
18 64
3 3 2
2 3
3 3
1 3
186 281 2
32 85
37 244
92 75
242 173 2
210 29
94 76
144 64
111 3 2
6 1
2 1
33 2
3 3 2
1 1
3 3
1 3
4 4 2
1 1
2 1
4 1
3 3 2
3 3
2 1
2 2
231 194 2
126 103
225 25
165 122
4 4 2
3 3
2 2
1 4
3 102 2
2 75
3 32
1 100
4 4 2
4 1
4 4
2 1
47 36 2
27 22
13 26
12 14
4 3 2
3 1
1 1
3 3
4 4 2
1 3
1 1
2 1
204 116 2
158 80
18 68
122 93
3 3 2
3 3
3 1
1 3
3 3 2
3 1
1 3
2 1
3 4 2
1 4
3 4
3 1
252 104 2
49 104
52 22
2 45
4 4 2
1 3
3 2
3 4
163 247 2
54 21
30 203
133 149
180 3 2
42 3
180 2
88 2
4 4 2
2 3
2 2
4 1
3 3 2
3 2
1 3
2 2
33 3 2
10 2
10 1
9 3
3 3 2
1 1
1 3
3 1
4 4 2
2 4
4 1
4 3
47 3 2
46 3
2 3
36 2
3 3 1
1 1
2 2
3 3 2
3 1
3 2
2 2
4 271 2
2 236
3 168
3 89
225 249 2
178 100
129 202
130 184
3 3 2
1 1
3 3
1 3
3 296 2
1 145
1 287
1 100
255 81 2
74 12
4 67
27 50
79 37 2
31 1
34 15
37 31
297 3 2
153 2
222 3
27 1
99 3 2
18 3
75 1
20 2
17 3 2
11 2
17 3
13 3
3 3 2
1 1
2 2
1 2
3 97 2
1 67
3 9
2 27
248 275 2
86 128
145 122
16 19
48 230 2
5 227
26 141
6 110
204 268 1
4 197
14 18
3 3 2
2 2
3 1
1 2
300 5 2
2 3
15 2
300 5
4 3 2
4 1
3 2
4 3
234 91 2
129 85
46 55
143 84
3 3 2
3 2
1 1
2 2
4 4 2
4 2
2 1
1 2
4 3 2
4 1
4 3
3 3
4 4 2
4 2
2 3
2 4
263 217 2
83 84
123 214
168 45
4 4 2
4 3
1 3
2 3
3 23 2
2 7
2 2
3 9
3 4 2
1 4
3 2
2 3
285 188 2
37 170
182 88
284 169
3 3 2
3 1
2 1
3 2
280 220 2
176 26
89 181
245 114
286 86 2
84 40
132 77
228 3
3 5 2
1 1
3 2
3 1
3 132 2
3 96
3 13
3 87
20 3 2
4 1
17 2
8 2
3 3 2
3 1
2 3
1 3
4 3 2
2 1
3 1
2 2
4 3 2
4 3
1 3
2 3
3 3 2
3 2
1 1
2 1
94 3 2
35 3
42 1
69 2
4 4 2
2 3
3 4
4 2
3 3 2
1 1
2 1
2 2
135 243 2
8 109
99 64
94 103
267 141 2
37 110
151 96
107 43
111 31 2
65 15
35 4
107 5
3 3 2
2 1
2 2
3 2
236 237 2
120 68
149 127
232 6
198 3 2
55 1
177 2
71 1
203 124 2
151 42
104 105
16 114
24 6 2
7 4
5 4
21 1
3 10 2
2 10
1 9
3 9
19 3 2
4 3
18 3
18 1
273 291 2
61 163
120 29
231 45
300 300 2
1 1
1 2
2 1
214 3 2
101 2
68 3
85 2
3 4 2
3 1
3 4
2 2
4 4 2
1 4
4 4
2 2
122 234 2
118 21
107 39
17 21
3 3 2
2 3
1 1
2 2
94 26 2
29 21
61 19
22 19
3 3 2
2 1
1 3
2 3
269 210 2
151 109
24 98
149 208
298 187 2
61 71
42 87
92 4
71 87 2
36 44
1 87
71 1
8 8 2
8 1
8 8
1 1
104 3 2
47 1
64 2
79 1
17 222 2
12 142
4 130
1 132
4 3 2
3 1
3 3
4 1
4 4 2
3 2
3 4
1 3
3 120 2
1 3
2 12
1 34
3 3 2
2 3
2 2
1 2
13 117 2
8 84
9 65
7 47
199 288 2
190 109
125 55
178 116
227 3 2
138 3
72 2
86 3
4 4 2
1 1
1 2
2 3
4 4 2
2 3
2 4
4 3
81 278 2
53 267
65 48
22 125
109 3 2
37 3
79 1
96 1
4 4 2
3 3
2 4
2 2
3 173 2
3 22
2 139
2 87
3 10 2
2 10
1 9
3 9
4 3 2
1 1
4 3
4 1
6 35 1
6 9
6 10
105 33 2
18 16
61 24
83 6
3 267 2
2 189
3 88
3 150
55 4 2
27 3
37 4
35 2
3 3 2
3 2
2 3
1 1
3 276 2
2 102
2 208
2 128
231 3 2
50 3
212 2
116 3
4 4 2
1 1
4 4
2 2
3 187 2
2 63
1 22
2 78
3 4 2
2 1
2 2
1 2
300 97 2
227 79
92 69
246 58
3 3 2
1 3
2 3
2 2
3 3 2
3 1
3 3
1 2
8 244 2
7 164
6 70
5 212
4 4 2
4 4
1 1
3 3
4 4 2
1 3
4 4
2 4
3 33 2
3 7
1 18
2 29
4 4 2
4 4
3 2
3 3
127 60 2
47 23
33 17
92 17
4 4 2
1 2
4 3
2 2
141 267 2
131 38
1 215
3 95
112 184 2
92 11
83 139
104 22
3 4 2
2 4
1 2
3 3
4 4 2
2 3
2 4
2 1
188 223 2
143 19
54 191
156 118
3 3 2
1 3
3 1
1 1
296 79 2
158 66
257 62
100 19
3 39 2
2 13
2 24
1 13
175 77 2
135 11
172 24
133 61
3 3 2
2 1
2 2
3 1
3 3 2
3 1
2 3
1 1
67 25 2
32 10
66 3
21 18
285 209 2
182 20
125 50
228 189
196 284 2
166 92
88 177
39 240
3 4 2
3 1
2 1
1 3
77 272 2
36 53
17 129
45 166
134 67 2
50 31
33 48
24 33
4 3 2
4 2
1 1
3 2
3 4 2
3 1
1 3
2 1
259 179 2
141 162
185 106
101 127
296 3 2
88 1
237 1
65 2
226 209 2
148 7
177 8
222 185
3 3 2
1 1
2 1
3 2
3 3 2
2 2
1 2
1 3
4 3 2
4 1
3 3
2 3
3 3 2
3 2
1 1
2 3
4 3 2
1 2
4 1
2 1
3 3 2
1 1
3 3
2 2
4 4 2
4 2
2 1
3 4
4 4 2
3 2
4 1
1 3
3 294 2
2 139
2 81
2 220
4 3 2
3 2
4 3
1 2
64 245 2
5 28
17 9
22 240
4 4 2
1 2
1 3
1 4
298 116 2
20 54
42 64
181 36
268 3 2
251 2
170 2
158 3
158 3 2
157 1
149 2
34 2
4 4 2
3 1
2 4
4 2
4 3 2
2 3
2 1
2 2
3 4 2
1 4
1 3
3 4
3 3 2
3 2
3 3
1 3
171 8 2
28 6
161 6
100 6
4 4 2
1 4
1 2
3 4
3 295 2
2 275
3 128
2 162
3 3 2
3 1
3 3
2 1
126 3 2
47 1
42 3
62 3
3 3 2
3 1
3 2
1 2
4 4 2
2 2
4 2
2 3
4 3 2
4 1
3 2
1 1
3 3 2
3 3
3 2
1 1
3 3 2
2 3
2 2
1 1
3 4 2
3 4
1 2
2 2
3 3 2
3 3
3 1
3 2
153 285 2
10 36
90 263
121 210
22 269 2
8 211
18 92
19 136
225 16 2
93 10
34 5
146 5
88 83 2
66 62
69 43
25 57
3 3 2
1 2
3 2
2 3
3 3 2
1 3
2 2
1 1
168 21 2
163 10
97 9
138 21
3 3 2
2 2
1 3
1 1
12 292 2
2 85
7 131
9 20
3 3 2
2 2
2 3
1 3
3 261 2
2 207
1 163
1 220
219 9 2
113 5
207 1
48 7
120 76 2
19 43
88 14
89 39
270 157 2
179 16
56 122
41 81
63 165 2
45 1
26 71
34 83
3 3 2
2 3
3 2
3 3
190 179 2
102 8
155 109
12 120
3 3 2
1 2
2 3
1 3
174 99 2
94 17
121 82
41 3
149 123 2
16 106
78 24
139 123
299 3 2
9 2
217 2
138 2
199 298 2
45 200
173 218
42 194
3 3 2
1 1
2 2
1 2
257 294 2
117 290
188 102
74 103
290 279 2
170 194
45 3
137 190
135 109 2
26 108
35 44
133 76
244 3 2
220 2
182 2
60 1
61 206 2
18 198
17 81
52 151
3 3 2
1 3
2 1
3 3
113 3 2
31 1
42 2
91 2
254 32 2
29 17
40 5
204 24
298 3 2
101 2
276 1
259 1
49 41 2
5 31
41 41
39 23
223 3 2
223 2
154 3
99 3
14 174 2
1 33
12 78
1 20
69 68 2
9 23
26 16
9 44
74 3 2
3 1
62 2
27 3
3 23 2
2 20
2 21
1 2
82 3 2
20 3
51 3
16 3
4 3 2
1 2
3 2
3 3
3 274 2
3 150
2 241
3 253
198 3 2
7 1
50 1
103 1
176 18 2
101 16
3 15
45 14
235 92 2
227 77
191 90
95 11
250 169 2
74 30
35 60
115 56
4 4 2
3 2
3 1
4 2
3 3 2
1 3
2 3
3 1
3 3 2
3 3
1 3
1 2
271 14 2
54 1
252 7
34 8
166 179 2
10 48
21 162
151 116
160 77 2
156 58
106 65
56 49
3 292 2
2 41
3 147
1 95
4 4 2
3 2
4 2
2 2
103 297 2
70 292
61 170
13 3
183 32 2
26 21
46 12
73 28
3 3 2
3 1
3 2
2 3
4 4 2
4 2
4 4
2 4
4 3 2
2 2
2 3
3 2
223 130 2
95 101
196 15
9 117
55 53 2
48 42
39 31
29 10
4 4 2
4 3
3 3
3 1
3 3 2
2 2
3 2
2 3
4 4 2
1 3
1 4
4 1
3 3 2
3 3
2 1
2 2
239 139 2
67 64
64 105
85 23
23 3 2
3 2
8 3
21 2
3 13 2
2 11
3 7
3 8
101 3 2
7 2
58 1
16 3
4 3 2
4 2
3 3
3 2
4 3 2
4 3
1 1
3 1
281 3 2
104 3
271 3
40 3
3 3 1
1 1
2 2
117 3 2
79 2
60 3
18 3
154 261 2
94 84
21 55
116 213
220 28 2
146 21
167 8
27 8
3 3 2
1 1
2 3
2 1
173 44 2
143 12
80 26
129 22
165 246 2
152 104
5 76
84 97
3 3 2
3 2
1 3
1 1
3 191 2
3 184
2 46
1 113
233 115 2
229 36
199 97
2 25
3 3 2
1 3
3 2
1 2
3 3 2
3 2
1 2
3 3
168 157 2
27 14
154 68
46 114
3 266 2
2 75
1 35
3 102
7 7 2
4 4
1 7
2 7
196 103 2
55 12
31 70
68 53
3 3 2
3 1
2 3
3 3
4 4 2
4 4
2 2
4 2
9 238 2
8 156
5 230
4 8
228 3 2
65 2
112 2
207 3
291 211 2
208 67
155 167
81 199
3 4 2
3 2
2 4
1 3
40 123 2
33 8
13 43
11 46
3 3 2
2 3
1 1
2 1
4 4 2
2 2
3 1
4 4
3 3 2
3 2
2 2
1 1
180 160 2
76 144
177 64
151 55
3 4 2
2 3
2 1
2 2
89 62 2
44 62
11 21
65 45
3 159 2
1 116
2 89
2 101
4 4 2
1 2
4 3
2 1
158 63 2
43 4
33 57
88 55
137 67 2
30 31
103 54
33 45
287 89 2
203 36
127 72
233 67
3 4 2
1 1
3 3
2 1
160 224 2
142 112
129 40
64 100
158 34 2
135 16
61 7
66 11
4 3 2
4 2
1 1
2 1
3 4 2
2 2
1 1
1 3
3 3 2
2 3
2 2
3 3
3 3 2
2 1
1 3
3 1
8 8 2
8 1
8 8
1 1
254 19 2
49 19
145 12
93 2
226 61 2
118 38
84 50
213 36
77 288 2
53 13
17 244
26 218
3 3 2
3 2
1 2
2 3
4 4 2
3 3
2 4
1 4
146 243 2
23 40
100 34
118 67
4 3 2
4 3
2 3
1 2
4 4 2
3 4
1 3
3 2
97 274 2
70 76
62 269
85 57
100 197 2
9 189
63 138
11 143
22 3 2
15 2
22 2
19 3
3 3 2
1 1
1 3
3 1
22 216 2
5 76
22 147
18 57
171 234 2
58 26
69 153
83 50
3 3 2
1 3
3 2
2 1
296 274 2
51 41
222 49
211 168
4 4 2
1 2
4 1
3 4
3 193 2
1 69
1 37
3 181
245 129 2
32 38
83 22
158 118
252 238 2
34 111
161 186
18 176
4 3 2
1 2
4 2
1 3
67 25 2
32 10
66 3
21 18
3 3 2
3 2
2 2
2 1
3 130 2
2 1
2 91
2 8
3 3 2
1 3
1 2
1 1
176 3 2
159 3
79 3
42 3
114 3 2
14 2
40 3
37 1
3 95 2
1 71
1 53
1 77
4 3 2
2 1
3 2
4 3
3 106 2
3 61
1 89
1 15
3 3 2
1 2
2 1
3 1
197 139 2
32 118
192 40
37 69
241 3 2
6 2
229 3
155 3
3 3 2
1 1
2 1
3 3
3 4 2
1 2
1 3
3 4
4 4 2
4 2
3 3
4 1
3 3 2
2 3
2 2
2 1
3 3 2
2 3
1 3
3 2
72 300 2
38 228
56 46
44 66
3 3 2
2 2
2 3
1 2
3 3 2
2 1
1 1
1 3
177 156 2
169 111
111 94
58 20
6 105 2
2 33
1 20
3 80
44 170 2
9 42
25 61
42 46
191 3 2
48 3
12 2
154 2
54 202 2
25 8
24 46
39 89
3 3 2
3 1
1 2
2 2
241 3 2
24 1
88 3
194 2
3 276 2
2 25
3 99
3 19
3 3 2
2 3
1 1
2 1
149 7 2
41 2
121 7
117 1
90 125 2
31 64
79 107
63 117
19 3 2
10 2
1 1
2 2
3 90 2
2 32
3 52
3 31
3 4 2
2 2
3 4
1 4
296 231 2
220 166
98 17
194 46
4 3 2
2 1
1 3
2 2
3 93 2
2 9
1 51
2 53
3 3 2
1 1
3 1
2 2
128 294 2
90 7
83 139
86 195
3 3 2
1 1
3 1
1 2
75 212 2
29 10
7 63
14 54
3 3 2
3 2
2 3
2 2
239 96 2
163 43
97 71
186 81
180 3 2
75 3
1 3
112 2
3 3 2
1 1
2 1
3 1
4 4 2
1 3
3 2
2 4
293 215 2
108 212
115 88
186 193
4 4 2
1 2
4 4
3 1
4 3 2
3 2
3 3
1 1
3 95 2
2 67
3 88
1 13
4 4 2
1 1
3 4
4 4
253 101 2
36 63
128 93
208 95
3 3 2
3 2
2 1
3 1
300 300 2
1 1
1 3
3 1
217 9 2
213 5
194 9
114 4
164 264 2
14 259
133 146
158 156
3 3 2
3 2
2 3
1 3
3 3 2
1 3
2 2
1 1
267 136 2
100 69
55 84
242 32
4 3 2
4 2
1 1
4 3
4 4 2
3 4
2 1
3 1
4 3 2
2 1
4 3
3 1
3 3 2
1 3
2 3
3 2
4 4 2
4 2
1 4
4 3
136 3 2
125 1
21 3
52 2
276 3 2
246 1
145 2
41 3
134 195 2
95 91
74 21
55 111
3 294 2
2 133
2 29
2 136
142 5 2
126 5
29 1
49 2
252 3 2
44 1
231 1
8 2
3 3 2
3 3
2 2
2 3
3 4 2
3 4
2 1
3 3
3 3 2
1 3
3 3
2 2
68 37 2
26 6
48 36
37 30
245 3 2
69 2
231 2
54 2
3 25 2
2 23
3 20
2 14
3 256 2
3 162
3 208
2 250
3 3 2
3 2
3 1
1 3
116 180 2
88 84
50 38
29 131
298 35 2
61 20
83 34
66 34
3 98 2
1 12
2 2
1 81
3 34 2
1 8
2 22
3 16
242 146 2
19 141
108 130
79 92
3 120 2
3 114
2 58
3 26
96 3 2
40 1
30 1
65 2
3 3 2
2 2
3 3
1 3
4 4 2
1 2
3 1
4 3
3 3 2
1 2
2 3
2 1
50 3 2
18 1
4 3
15 3
258 3 2
163 3
211 2
191 3
4 4 2
1 4
1 3
3 1
3 3 2
3 3
3 2
2 2
248 211 2
3 98
216 158
16 14
3 20 2
3 18
1 11
1 5
3 3 2
3 2
3 1
2 1
227 59 2
158 43
119 35
68 1
18 108 2
11 71
10 46
11 66
3 3 2
1 1
2 2
3 3
3 21 2
1 1
1 14
3 11
3 3 2
2 1
3 3
1 1
4 3 2
4 3
3 1
4 1
3 53 2
1 31
2 42
1 23
3 3 2
2 2
1 3
1 1
264 242 2
93 189
161 12
189 41
4 4 2
4 3
2 3
2 1
168 222 1
141 222
128 5
269 3 2
68 3
28 3
76 3
276 3 2
161 3
177 2
89 2
58 3 2
6 1
16 3
38 2
4 4 2
2 1
4 1
2 2
86 142 2
44 136
12 132
75 79
3 37 2
3 29
3 35
3 4
296 63 2
5 30
78 47
40 32
237 97 2
40 14
167 33
231 64
3 3 2
2 1
1 3
2 3
3 257 2
1 233
1 11
1 17
284 3 2
264 1
245 2
217 1
248 131 2
104 102
103 2
176 25
4 3 2
4 3
1 3
3 3
260 248 2
212 121
112 198
193 141
166 168 2
32 44
25 139
27 129
243 3 2
178 2
212 3
233 3
3 4 2
3 2
1 2
2 2
32 233 2
20 29
4 47
23 28
226 3 2
23 1
182 1
6 2
31 224 2
27 151
13 176
31 74
71 87 2
36 44
1 87
71 1
216 190 2
193 109
135 116
15 62
65 292 2
51 78
11 228
47 191
144 3 2
89 3
100 3
129 1
92 137 2
11 82
30 100
53 119
188 227 2
88 218
74 176
70 79
3 3 2
3 1
2 1
1 1
190 195 2
71 146
82 8
37 161
3 3 2
1 3
2 3
3 1
3 3 2
3 1
2 3
1 2
46 3 2
5 2
39 3
20 1
20 272 2
7 12
12 50
20 140
160 149 2
75 15
76 149
22 8
58 258 2
2 45
38 106
53 90
289 211 2
225 65
159 6
89 13
3 3 2
2 3
3 1
1 2
3 4 2
2 3
3 2
3 1
3 3 2
3 2
1 1
3 3
186 263 2
90 115
175 74
38 165
3 3 2
1 2
3 3
3 2
