95
53 0.728
65 0.582
67 0.754
3127 0.873
49 0.904
9 0.938
81 0.825
77 0.676
100 0.586
8000 1.000
2 0.6
38 0.515
31 0.837
33 0.720
65 0.686
11 0.501
2000 0.5
23 0.974
9 0.87
37 0.684
62 0.790
4 0.949
2 1.0
200 0.999
26 0.638
68 0.586
64 0.828
84 0.983
2 1.000
5 0.678
37 0.795
20 0.591
82 0.993
20 0.75
75 0.551
16 0.975
85 0.725
10 0.572
16 0.599
13 0.720
57 0.884
91 0.844
2 0.500
87 0.670
9 0.592
3984 0.930
40 0.553
56 0.818
41 0.797
4 1.0
28 0.786
98 0.779
82 0.985
67 0.886
36 0.762
37 0.853
10 0.600
43 0.824
94 0.726
63 0.577
68 0.579
4664 0.797
66 0.532
94 0.561
91 0.736
35 0.934
92 0.806
38 0.964
42 0.533
11 0.872
43 0.710
2 0.684
5 0.615
26 0.509
27 0.504
98 0.790
101 0.926
8000 0.684
2788 0.719
82 0.915
29 0.711
88 0.863
8000 0.500
81 0.743
46 0.816
24 0.887
24 0.975
4242 0.705
3 1.0
47 0.580
7 0.505
3 0.5
27 0.517
64 0.833
44 0.828
